year;dpto;nom_dpto;nom_ciu;sexo;sineducacion;educprimaria;educsecundaria;educmedia;eductecnica;educuniversitaria;educpostgrado
2010;5;Antioquia;Medellin;hombre;0.16408563;0.31399453;0.088761099;0.28011844;0.077146433;0.054714188;0.021179685
2010;5;Antioquia;Medellin;mujer;0.16521698;0.29701981;0.083416514;0.28081182;0.10119303;0.055040639;0.017301202
2010;8;Atlantico;Barranquilla;hombre;0.12460022;0.27885127;0.098414183;0.34888059;0.058901917;0.077025585;0.013326226
2010;8;Atlantico;Barranquilla;mujer;0.13320978;0.28037763;0.10031275;0.32723272;0.068921581;0.078883357;0.011062203
2010;11;Bogota;Bogota;hombre;0.086825907;0.2856096;0.094739154;0.32905921;0.075542204;0.085653573;0.042570341
2010;11;Bogota;Bogota;mujer;0.097641148;0.27661768;0.091325082;0.30910027;0.09822119;0.087715909;0.039378706
2010;13;Bolivar;Cartagena;hombre;0.15066606;0.30332261;0.10174552;0.29145613;0.076787628;0.066069514;0.009952534
2010;13;Bolivar;Cartagena;mujer;0.14417909;0.29645506;0.098591551;0.28318703;0.095869906;0.071919441;0.009797918
2010;15;Boyaca;Tunja;hombre;0.14905222;0.31598711;0.086194567;0.2812947;0.043007869;0.090307586;0.034155939
2010;15;Boyaca;Tunja;mujer;0.16381776;0.25640085;0.081725478;0.29381555;0.066025972;0.10270707;0.035507299
2010;17;Caldas;Manizales;hombre;0.17396045;0.30820745;0.080517054;0.30314592;0.052561905;0.061594766;0.020012459
2010;17;Caldas;Manizales;mujer;0.16839601;0.29964972;0.083008394;0.28894323;0.073359326;0.065362498;0.021280814
2010;18;Caqueta;Florencia;hombre;0.26464561;0.35106745;0.085311696;0.22280103;0.017933391;0.038514089;0.019726729
2010;18;Caqueta;Florencia;mujer;0.25233307;0.31548867;0.089488536;0.25652897;0.025247775;0.044418722;0.016494248
2010;19;Cauca;Popayan;hombre;0.2094108;0.30276424;0.076411277;0.26387268;0.063035876;0.057068385;0.027436724
2010;19;Cauca;Popayan;mujer;0.22023334;0.28680086;0.075374588;0.25906441;0.076918676;0.057417363;0.024190782
2010;20;Cesar;Valledupar;hombre;0.1878916;0.30769232;0.093908057;0.27779874;0.056314636;0.059032235;0.017362421
2010;20;Cesar;Valledupar;mujer;0.17058824;0.28446293;0.095332481;0.28241688;0.084974423;0.066432223;0.015792839
2010;23;Cordoba;Monteria;hombre;0.17067094;0.30601531;0.094500802;0.31989679;0.017707776;0.065581061;0.025627336
2010;23;Cordoba;Monteria;mujer;0.17761138;0.28858104;0.084837139;0.34331712;0.01609884;0.071433917;0.018120553
2010;25;Cundinamarca;Cundinamarca;hombre;0.24534231;0.37283951;0.092031427;0.206734;0.042424243;0.031425364;0.009203143
2010;25;Cundinamarca;Cundinamarca;mujer;0.2201163;0.36441955;0.094335556;0.21408571;0.060736593;0.0342451;0.012061168
2010;27;Choco;Quibdo;hombre;0.2167975;0.28024518;0.092805676;0.29304227;0.019679535;0.071190454;0.02623938
2010;27;Choco;Quibdo;mujer;0.22703335;0.23698069;0.088021398;0.29516008;0.035860568;0.085095711;0.0318482
2010;41;Huila;Neiva;hombre;0.1908066;0.30584246;0.087045655;0.25766775;0.075376488;0.055428527;0.027832532
2010;41;Huila;Neiva;mujer;0.17275234;0.29641584;0.094479188;0.2547912;0.096160315;0.059511803;0.025889315
2010;44;La Guajira;Riohacha;hombre;0.20828412;0.3002362;0.086890504;0.24666779;0.074742705;0.06090771;0.022270963
2010;44;La Guajira;Riohacha;mujer;0.20530331;0.26218671;0.087395571;0.23835815;0.098074831;0.085070834;0.023610607
2010;47;Magdalena;Santa Marta;hombre;0.16850078;0.29662713;0.10011434;0.32128054;0.037158784;0.059096757;0.017221667
2010;47;Magdalena;Santa Marta;mujer;0.15307882;0.28029558;0.10751232;0.33583742;0.042487685;0.066317737;0.014470443
2010;50;Meta;Villavicencio;hombre;0.20041034;0.35240048;0.090356998;0.27082479;0.02790316;0.041854739;0.016249487
2010;50;Meta;Villavicencio;mujer;0.18558416;0.31781375;0.093406595;0.31051186;0.032244071;0.042654715;0.017784847
2010;52;Nariño;Pasto;hombre;0.2159601;0.30756441;0.077306733;0.26965919;0.044970907;0.059850372;0.024688279
2010;52;Nariño;Pasto;mujer;0.24188052;0.28026983;0.07128451;0.26274428;0.059461717;0.061687183;0.022671953
2010;54;Norte de Santander;Cucuta;hombre;0.29231754;0.33141071;0.076824479;0.22823039;0.025314428;0.031162381;0.014740046
2010;54;Norte de Santander;Cucuta;mujer;0.273682;0.3037177;0.080025204;0.25092769;0.036756985;0.039067421;0.015823007
2010;63;Quindio;Armenia;hombre;0.1956771;0.32059991;0.086898983;0.27640054;0.04984561;0.052315835;0.018262019
2010;63;Quindio;Armenia;mujer;0.20037876;0.2965256;0.081579141;0.28487143;0.06424357;0.05601282;0.016388666
2010;66;Risaralda;Pereira;hombre;0.20771563;0.3328841;0.085411049;0.26903638;0.043884769;0.045906335;0.015161725
2010;66;Risaralda;Pereira;mujer;0.20490506;0.33321348;0.086809553;0.2596375;0.055092059;0.047324512;0.013017837
2010;68;Santander;Bucaramanga;hombre;0.18016516;0.32363001;0.077320881;0.28242555;0.061473016;0.052297939;0.022687463
2010;68;Santander;Bucaramanga;mujer;0.17826875;0.29699385;0.084462151;0.28185439;0.073524088;0.060557768;0.024339007
2010;70;Sucre;Sincelejo;hombre;0.22126414;0.31832924;0.09192311;0.25741634;0.039000079;0.056799304;0.015267779
2010;70;Sucre;Sincelejo;mujer;0.215056;0.29291031;0.090029918;0.25756627;0.072079591;0.059486538;0.012871356
2010;73;Tolima;Ibague;hombre;0.18171255;0.31399715;0.083661065;0.27770826;0.055774044;0.057472292;0.029674651
2010;73;Tolima;Ibague;mujer;0.16366674;0.30508089;0.089238249;0.28343585;0.06440343;0.065694541;0.028480291
2010;76;Valle del Cauca;Cali;hombre;0.16094787;0.31751251;0.094856516;0.31853983;0.041777961;0.046366688;0.019998631
2010;76;Valle del Cauca;Cali;mujer;0.1771543;0.30959061;0.092413396;0.31342685;0.041454338;0.049527626;0.016432866
2011;5;Antioquia;Medellin;hombre;0.23080225;0.20601019;0.12986316;0.22441642;0.085001342;0.05881406;0.065092571
2011;5;Antioquia;Medellin;mujer;0.20376277;0.19937134;0.12758286;0.23704526;0.10585679;0.058429252;0.067951739
2011;8;Atlantico;Barranquilla;hombre;0.210279;0.1759765;0.16276065;0.25891337;0.067195304;0.065785609;0.059089575
2011;8;Atlantico;Barranquilla;mujer;0.19837537;0.18041898;0.16182129;0.24786234;0.070970498;0.074818298;0.065733217
2011;11;Bogota;Bogota;hombre;0.17868975;0.19173822;0.14001758;0.25299168;0.08545737;0.070718683;0.080386721
2011;11;Bogota;Bogota;mujer;0.17331223;0.18274792;0.14250928;0.24368417;0.10257503;0.074572347;0.080599017
2011;13;Bolivar;Cartagena;hombre;0.23723644;0.19639306;0.13499536;0.22477125;0.081885688;0.060800955;0.063917249
2011;13;Bolivar;Cartagena;mujer;0.20786415;0.19630276;0.1415066;0.23189017;0.092551336;0.06581562;0.064069368
2011;15;Boyaca;Tunja;hombre;0.23416415;0.2062232;0.11224004;0.23019527;0.055008732;0.077790126;0.084378473
2011;15;Boyaca;Tunja;mujer;0.22168495;0.17836954;0.11795954;0.23414834;0.073077708;0.081863381;0.092896543
2011;17;Caldas;Manizales;hombre;0.23041616;0.19805692;0.13226745;0.23630661;0.068313956;0.063035496;0.071603425
2011;17;Caldas;Manizales;mujer;0.2058612;0.19271277;0.1346896;0.24694185;0.080591351;0.060966834;0.078236409
2011;18;Caqueta;Florencia;hombre;0.32827684;0.20494588;0.11511417;0.17697717;0.051512998;0.050564904;0.072608046
2011;18;Caqueta;Florencia;mujer;0.29097569;0.20045605;0.12748756;0.20474018;0.052238807;0.052860696;0.071241014
2011;19;Cauca;Popayan;hombre;0.24581264;0.1958954;0.11446541;0.22780536;0.082952663;0.05812645;0.074942075
2011;19;Cauca;Popayan;mujer;0.228801;0.18583314;0.11898792;0.22902896;0.095737405;0.061374515;0.080237061
2011;20;Cesar;Valledupar;hombre;0.28328651;0.19782303;0.12865168;0.21797752;0.061095506;0.049508426;0.061657302
2011;20;Cesar;Valledupar;mujer;0.24321535;0.18845244;0.12767895;0.22991925;0.08202295;0.063748404;0.064962663
2011;23;Cordoba;Monteria;hombre;0.27272728;0.19593014;0.14478403;0.22579136;0.033993449;0.059800405;0.066973336
2011;23;Cordoba;Monteria;mujer;0.24201658;0.1957467;0.14709879;0.24507406;0.035670608;0.066924855;0.067468405
2011;25;Cundinamarca;Cundinamarca;hombre;0.27872533;0.23361759;0.12253142;0.17235188;0.06710054;0.044658888;0.081014365
2011;25;Cundinamarca;Cundinamarca;mujer;0.24845406;0.22438163;0.12742932;0.18286219;0.081051238;0.048365723;0.087455831
2011;27;Choco;Quibdo;hombre;0.31855714;0.18183398;0.112299;0.21781833;0.047023032;0.067275099;0.055193394
2011;27;Choco;Quibdo;mujer;0.28369457;0.16161907;0.11353524;0.24135208;0.058633558;0.076001145;0.065164343
2011;41;Huila;Neiva;hombre;0.26424673;0.20953318;0.11905123;0.20612307;0.07600788;0.05592604;0.069111854
2011;41;Huila;Neiva;mujer;0.22954381;0.20571391;0.12678559;0.21545652;0.094332173;0.05687578;0.071292214
2011;44;La Guajira;Riohacha;hombre;0.30579424;0.18484248;0.11786737;0.18719248;0.07703606;0.060292281;0.066975102
2011;44;La Guajira;Riohacha;mujer;0.27712834;0.16569251;0.11289708;0.19231258;0.094155021;0.078970775;0.078843713
2011;47;Magdalena;Santa Marta;hombre;0.24980402;0.18944342;0.15429841;0.23477919;0.048144761;0.060229946;0.063300237
2011;47;Magdalena;Santa Marta;mujer;0.21431467;0.18356593;0.16978401;0.24755342;0.053853728;0.06555099;0.065377265
2011;50;Meta;Villavicencio;hombre;0.26460034;0.22070387;0.13428506;0.21146652;0.046339415;0.048782349;0.073822431
2011;50;Meta;Villavicencio;mujer;0.24297677;0.19779849;0.15343058;0.24189627;0.046934091;0.048352242;0.068611562
2011;52;Nariño;Pasto;hombre;0.26115677;0.20539212;0.10761195;0.20900223;0.070281893;0.064444274;0.082110763
2011;52;Nariño;Pasto;mujer;0.2596851;0.18912916;0.11609068;0.2168289;0.077938199;0.060887177;0.07944078
2011;54;Norte de Santander;Cucuta;hombre;0.32016349;0.22250107;0.10698408;0.18198767;0.058583107;0.046608347;0.063172236
2011;54;Norte de Santander;Cucuta;mujer;0.28285268;0.20938274;0.11529427;0.2070338;0.066096827;0.052394625;0.066945061
2011;63;Quindio;Armenia;hombre;0.24858427;0.22393404;0.12799799;0.20711192;0.067621589;0.059377082;0.065373085
2011;63;Quindio;Armenia;mujer;0.23364355;0.21305697;0.13367175;0.21982515;0.076988153;0.05851664;0.064297803
2011;66;Risaralda;Pereira;hombre;0.2528443;0.21600763;0.13008195;0.22030392;0.063171297;0.049009468;0.068581432
2011;66;Risaralda;Pereira;mujer;0.23907132;0.21592414;0.13309628;0.21439029;0.079062961;0.050128981;0.068326011
2011;68;Santander;Bucaramanga;hombre;0.22264209;0.21462174;0.11937997;0.23436415;0.075113751;0.052363694;0.081514612
2011;68;Santander;Bucaramanga;mujer;0.20873554;0.19319504;0.1273362;0.23940577;0.089683026;0.061819676;0.079824738
2011;70;Sucre;Sincelejo;hombre;0.2885544;0.20299631;0.13099971;0.19958818;0.055808008;0.05218688;0.069866516
2011;70;Sucre;Sincelejo;mujer;0.25704968;0.1982224;0.1298037;0.21152247;0.078521647;0.057484493;0.067395613
2011;73;Tolima;Ibague;hombre;0.25272331;0.20261438;0.12929446;0.21602145;0.068124689;0.054968998;0.076252721
2011;73;Tolima;Ibague;mujer;0.22565544;0.20188707;0.1380726;0.22860847;0.069360413;0.05747623;0.078939788
2011;76;Valle del Cauca;Cali;hombre;0.22864746;0.20151868;0.15563343;0.22689512;0.068535827;0.052570093;0.066199377
2011;76;Valle del Cauca;Cali;mujer;0.21721959;0.20198601;0.15651095;0.23279169;0.063247576;0.058677498;0.069566689
2012;5;Antioquia;Medellin;hombre;0.27420792;0.26946726;0.07012438;0.23529688;0.081999533;0.048533209;0.020370806
2012;5;Antioquia;Medellin;mujer;0.25189754;0.25684947;0.070341356;0.23972075;0.11011893;0.050127856;0.020944109
2012;8;Atlantico;Barranquilla;hombre;0.26784292;0.23292767;0.08253175;0.28745285;0.057341766;0.061912101;0.009990966
2012;8;Atlantico;Barranquilla;mujer;0.24866743;0.2400533;0.082952596;0.27441463;0.073386639;0.070055209;0.010470208
2012;11;Bogota;Bogota;hombre;0.21750842;0.2459749;0.078359351;0.28044078;0.080379553;0.062442608;0.034894399
2012;11;Bogota;Bogota;mujer;0.21690394;0.24307813;0.076785117;0.26252663;0.10189441;0.069498934;0.029312856
2012;13;Bolivar;Cartagena;hombre;0.29209247;0.25212896;0.074939176;0.23984185;0.076763988;0.051520683;0.012712895
2012;13;Bolivar;Cartagena;mujer;0.26578611;0.25196457;0.082483418;0.23307139;0.099760354;0.055620577;0.011313604
2012;15;Boyaca;Tunja;hombre;0.28607371;0.25477284;0.069557495;0.23708746;0.045138374;0.069335505;0.038034629
2012;15;Boyaca;Tunja;mujer;0.26449022;0.22183256;0.066441372;0.244341;0.071351148;0.089268632;0.042275075
2012;17;Caldas;Manizales;hombre;0.26514468;0.26188329;0.067795433;0.26549163;0.06800361;0.049614877;0.022066478
2012;17;Caldas;Manizales;mujer;0.2467943;0.25353372;0.072821617;0.25389159;0.093874872;0.057374604;0.02170931
2012;18;Caqueta;Florencia;hombre;0.39984271;0.27931085;0.062696598;0.17750929;0.025879325;0.035387475;0.019373748
2012;18;Caqueta;Florencia;mujer;0.36004761;0.27044302;0.070179835;0.20502537;0.035716522;0.038724232;0.019863401
2012;19;Cauca;Popayan;hombre;0.30162385;0.26290596;0.063984491;0.23691227;0.062166747;0.047927774;0.024478914
2012;19;Cauca;Popayan;mujer;0.29175028;0.2525087;0.064751238;0.23735079;0.080648571;0.053184748;0.01980564
2012;20;Cesar;Valledupar;hombre;0.34144339;0.24551314;0.067492418;0.22819768;0.057570778;0.043920629;0.015861982
2012;20;Cesar;Valledupar;mujer;0.29792842;0.236212;0.071294054;0.22878666;0.093892924;0.056389563;0.015496368
2012;23;Cordoba;Monteria;hombre;0.31554425;0.25829452;0.066850208;0.26408303;0.021883383;0.051390655;0.021953974
2012;23;Cordoba;Monteria;mujer;0.29426435;0.24382792;0.066895261;0.2957606;0.023815461;0.05467581;0.020760598
2012;25;Cundinamarca;Cundinamarca;hombre;0.34814233;0.3216041;0.075486533;0.17220366;0.047572244;0.024572439;0.010418714
2012;25;Cundinamarca;Cundinamarca;mujer;0.32114834;0.30066985;0.079808615;0.1770335;0.076746412;0.031004785;0.013588517
2012;27;Choco;Quibdo;hombre;0.38074619;0.22696111;0.064155303;0.22356932;0.030742586;0.053619109;0.020206394
2012;27;Choco;Quibdo;mujer;0.34748802;0.20284308;0.067432113;0.24008262;0.044164997;0.070044346;0.027944839
2012;41;Huila;Neiva;hombre;0.30763543;0.2646189;0.071716629;0.21904826;0.063113324;0.0483936;0.025473854
2012;41;Huila;Neiva;mujer;0.27608186;0.25982457;0.071169592;0.22923976;0.085555553;0.050760236;0.027368421
2012;44;La Guajira;Riohacha;hombre;0.37976116;0.23167819;0.063733503;0.19534884;0.063859209;0.047894407;0.017724702
2012;44;La Guajira;Riohacha;mujer;0.3470611;0.21498872;0.062187277;0.19294001;0.092373677;0.070599876;0.019849343
2012;47;Magdalena;Santa Marta;hombre;0.32092309;0.24549536;0.075939298;0.2707895;0.024384698;0.048030466;0.01443756
2012;47;Magdalena;Santa Marta;mujer;0.27925918;0.2460054;0.081033409;0.29368126;0.028065989;0.056547001;0.015407761
2012;50;Meta;Villavicencio;hombre;0.32253912;0.28344962;0.072014093;0.25160897;0.018630175;0.036108665;0.015649347
2012;50;Meta;Villavicencio;mujer;0.29806113;0.26238376;0.07202334;0.29003829;0.020725703;0.040965173;0.015802588
2012;52;Nariño;Pasto;hombre;0.32354769;0.27326104;0.059266422;0.22407958;0.045589555;0.047523659;0.026732057
2012;52;Nariño;Pasto;mujer;0.31523871;0.25274986;0.056127001;0.23057257;0.06522385;0.0529758;0.027112195
2012;54;Norte de Santander;Cucuta;hombre;0.37200689;0.28886095;0.066014022;0.19440402;0.036711205;0.027384575;0.014618336
2012;54;Norte de Santander;Cucuta;mujer;0.33963487;0.27031803;0.070848055;0.2131331;0.051236749;0.039634865;0.015194346
2012;63;Quindio;Armenia;hombre;0.29233605;0.28798822;0.071186438;0.22461312;0.057479735;0.047457628;0.018938836
2012;63;Quindio;Armenia;mujer;0.25870299;0.26678547;0.071405843;0.24794756;0.078088209;0.059759434;0.017310508
2012;66;Risaralda;Pereira;hombre;0.31271794;0.28396556;0.066756815;0.23222546;0.047185253;0.044267312;0.012881645
2012;66;Risaralda;Pereira;mujer;0.29392591;0.28596503;0.069955498;0.23067762;0.059048455;0.046762366;0.013665142
2012;68;Santander;Bucaramanga;hombre;0.28890947;0.27143991;0.063591845;0.24960296;0.061408151;0.045923769;0.019123875
2012;68;Santander;Bucaramanga;mujer;0.26486745;0.25400048;0.065978028;0.25937426;0.081561975;0.053439215;0.0207786
2012;70;Sucre;Sincelejo;hombre;0.35402924;0.25519451;0.067081816;0.22066712;0.045193907;0.0430976;0.014735804
2012;70;Sucre;Sincelejo;mujer;0.31457067;0.25524002;0.068852827;0.22250395;0.078149654;0.046089701;0.014593193
2012;73;Tolima;Ibague;hombre;0.30881456;0.26802626;0.065383442;0.23930645;0.049343109;0.048350137;0.020776046
2012;73;Tolima;Ibague;mujer;0.27067226;0.26909971;0.075088456;0.24682218;0.066308476;0.05248329;0.019525619
2012;76;Valle del Cauca;Cali;hombre;0.26915669;0.26302889;0.07849431;0.27861103;0.050539833;0.042486139;0.017683106
2012;76;Valle del Cauca;Cali;mujer;0.2686305;0.26080194;0.079941787;0.27098912;0.057961561;0.047423095;0.01425202
2013;5;Antioquia;Medellin;hombre;0.26939133;0.26434326;0.065770313;0.24453937;0.086884767;0.048102126;0.020968838
2013;5;Antioquia;Medellin;mujer;0.24992736;0.25075755;0.068863891;0.23614629;0.12066747;0.053339422;0.020298036
2013;8;Atlantico;Barranquilla;hombre;0.25855532;0.23560263;0.07451836;0.28940126;0.068131067;0.063561305;0.010230046
2013;8;Atlantico;Barranquilla;mujer;0.25;0.23105773;0.077430688;0.27340487;0.081133686;0.075009495;0.01196354
2013;11;Bogota;Bogota;hombre;0.21240485;0.23549232;0.074067138;0.2859728;0.091663547;0.064832151;0.035567202
2013;11;Bogota;Bogota;mujer;0.2051124;0.23056225;0.077638879;0.25803015;0.1204664;0.071192332;0.03699759
2013;13;Bolivar;Cartagena;hombre;0.28840381;0.24449587;0.074305728;0.23242432;0.088066049;0.058856644;0.013447586
2013;13;Bolivar;Cartagena;mujer;0.25737187;0.24111079;0.076438591;0.24328658;0.10392213;0.065788724;0.012081305
2013;15;Boyaca;Tunja;hombre;0.2658709;0.25758383;0.068425454;0.2443549;0.054284193;0.070174105;0.039306622
2013;15;Boyaca;Tunja;mujer;0.26358396;0.21734343;0.069684602;0.24713425;0.077067547;0.079010427;0.046175767
2013;17;Caldas;Manizales;hombre;0.26270127;0.24564371;0.070215426;0.26483348;0.082420409;0.049922802;0.024262922
2013;17;Caldas;Manizales;mujer;0.23581758;0.25101966;0.069398098;0.24780621;0.11012236;0.061982449;0.023853665
2013;18;Caqueta;Florencia;hombre;0.39485574;0.27608567;0.062955409;0.18048674;0.031113379;0.035849605;0.018653454
2013;18;Caqueta;Florencia;mujer;0.34228995;0.27249163;0.069798321;0.21249288;0.0410318;0.041664034;0.020231396
2013;19;Cauca;Popayan;hombre;0.29219097;0.25185049;0.065507032;0.2446336;0.05841352;0.060202319;0.027202072
2013;19;Cauca;Popayan;mujer;0.27878019;0.2458584;0.062308747;0.24654427;0.081671417;0.061939433;0.022897542
2013;20;Cesar;Valledupar;hombre;0.33270755;0.24374735;0.066493064;0.2364198;0.059771091;0.047235511;0.013625628
2013;20;Cesar;Valledupar;mujer;0.28368568;0.23202458;0.068351611;0.24013141;0.10120278;0.060509723;0.014094208
2013;23;Cordoba;Monteria;hombre;0.31504622;0.24709797;0.069796674;0.24073938;0.052865066;0.054713495;0.01974122
2013;23;Cordoba;Monteria;mujer;0.28407693;0.23861943;0.063653432;0.24457683;0.092857607;0.059768181;0.016447581
2013;25;Cundinamarca;Cundinamarca;hombre;0.3466962;0.30257857;0.067485899;0.18392426;0.052578565;0.035052378;0.011684125
2013;25;Cundinamarca;Cundinamarca;mujer;0.30503511;0.28883684;0.075722091;0.20042935;0.074746288;0.038056206;0.017174082
2013;27;Choco;Quibdo;hombre;0.36448741;0.21401167;0.063689381;0.23710866;0.034223448;0.061387353;0.02509208
2013;27;Choco;Quibdo;mujer;0.33608797;0.19274046;0.062106669;0.2459475;0.052126374;0.080160193;0.030830843
2013;41;Huila;Neiva;hombre;0.30716205;0.26469979;0.068311848;0.23037155;0.062935136;0.045702074;0.020817537
2013;41;Huila;Neiva;mujer;0.27029157;0.25865307;0.074074075;0.23216343;0.088682793;0.053888585;0.022246469
2013;44;La Guajira;Riohacha;hombre;0.38220263;0.22844002;0.060431838;0.18908904;0.074613519;0.045675226;0.01954772
2013;44;La Guajira;Riohacha;mujer;0.34547499;0.20826307;0.064980328;0.18341765;0.10314783;0.072006747;0.022709386
2013;47;Magdalena;Santa Marta;hombre;0.31267405;0.25105172;0.073176511;0.27878177;0.026959768;0.046275996;0.011080168
2013;47;Magdalena;Santa Marta;mujer;0.2748318;0.24119298;0.084812209;0.30105418;0.029930603;0.053716164;0.014462044
2013;50;Meta;Villavicencio;hombre;0.31168294;0.27439108;0.070180267;0.26331362;0.025939178;0.038255125;0.016237788
2013;50;Meta;Villavicencio;mujer;0.28508341;0.25607213;0.072620213;0.29299557;0.030728655;0.04557164;0.016928362
2013;52;Nariño;Pasto;hombre;0.31654677;0.2609677;0.057553958;0.22612499;0.052264072;0.057483424;0.029059106
2013;52;Nariño;Pasto;mujer;0.30743679;0.24149597;0.05542228;0.23103894;0.074983083;0.061819524;0.027803408
2013;54;Norte de Santander;Cucuta;hombre;0.36149511;0.28680715;0.070057712;0.20151657;0.038786739;0.028049925;0.013286808
2013;54;Norte de Santander;Cucuta;mujer;0.33781481;0.25787809;0.074339941;0.22356734;0.051891956;0.037230808;0.017277041
2013;63;Quindio;Armenia;hombre;0.28122684;0.27811527;0.074825898;0.23996148;0.060379315;0.048303451;0.017187731
2013;63;Quindio;Armenia;mujer;0.25966397;0.26528549;0.069795348;0.2505053;0.080596261;0.054509852;0.019643759
2013;66;Risaralda;Pereira;hombre;0.29569811;0.28392452;0.074641511;0.23222642;0.050188679;0.050037734;0.013283019
2013;66;Risaralda;Pereira;mujer;0.28510612;0.27859125;0.074437208;0.23872799;0.058569308;0.051344901;0.013223247
2013;68;Santander;Bucaramanga;hombre;0.28769976;0.2665503;0.063649788;0.25204781;0.070296764;0.041694641;0.018060964
2013;68;Santander;Bucaramanga;mujer;0.26737517;0.2500453;0.063401967;0.25541937;0.091057301;0.050359279;0.022341646
2013;70;Sucre;Sincelejo;hombre;0.34814587;0.25395551;0.0710136;0.21260816;0.050741658;0.046847962;0.016687268
2013;70;Sucre;Sincelejo;mujer;0.31387269;0.24215598;0.06969969;0.21767145;0.08706858;0.053283282;0.016248319
2013;73;Tolima;Ibague;hombre;0.29551673;0.26458967;0.065349542;0.24635258;0.062841944;0.042629179;0.022720365
2013;73;Tolima;Ibague;mujer;0.26021302;0.25846028;0.075097747;0.25333694;0.07469327;0.055076178;0.023122557
2013;76;Valle del Cauca;Cali;hombre;0.27823964;0.25678739;0.073716648;0.27573979;0.052206267;0.045113657;0.018196616
2013;76;Valle del Cauca;Cali;mujer;0.26129597;0.255992;0.075256445;0.28461346;0.057743307;0.047685765;0.017413059
2014;5;Antioquia;Medellin;hombre;0.2614736;0.26257545;0.065488167;0.24379611;0.090591162;0.05006228;0.026013222
2014;5;Antioquia;Medellin;mujer;0.23612681;0.25124598;0.067931481;0.2401893;0.12522511;0.055199564;0.024081752
2014;8;Atlantico;Barranquilla;hombre;0.24984482;0.22222222;0.071694598;0.30203807;0.077229463;0.065228634;0.01174219
2014;8;Atlantico;Barranquilla;mujer;0.23303199;0.22933158;0.077286996;0.28497821;0.088809781;0.074851282;0.01171015
2014;11;Bogota;Bogota;hombre;0.21354499;0.23953399;0.075726539;0.27096403;0.097106643;0.06958136;0.033542439
2014;11;Bogota;Bogota;mujer;0.20911652;0.22911996;0.074495606;0.25251481;0.12835546;0.071736507;0.034661148
2014;13;Bolivar;Cartagena;hombre;0.28746179;0.23477319;0.070017837;0.23579256;0.095374621;0.058167685;0.018412335
2014;13;Bolivar;Cartagena;mujer;0.25724804;0.23573402;0.07397607;0.24183157;0.10837552;0.068568796;0.014265992
2014;15;Boyaca;Tunja;hombre;0.27233452;0.25065905;0.066783831;0.24458113;0.063708261;0.062902756;0.039030463
2014;15;Boyaca;Tunja;mujer;0.24429195;0.21709852;0.068753205;0.24525398;0.094407387;0.080105186;0.050089791
2014;17;Caldas;Manizales;hombre;0.25884843;0.24432606;0.064803325;0.26760563;0.081806906;0.060059842;0.022549806
2014;17;Caldas;Manizales;mujer;0.24296214;0.24856751;0.064711012;0.2544843;0.10494519;0.060787246;0.023542602
2014;18;Caqueta;Florencia;hombre;0.3882907;0.26678631;0.064453416;0.18169583;0.043143414;0.036862571;0.018767759
2014;18;Caqueta;Florencia;mujer;0.33737102;0.2640518;0.072486058;0.20585784;0.055309877;0.0459527;0.018970711
2014;19;Cauca;Popayan;hombre;0.2881707;0.25290242;0.067336053;0.25321618;0.061437089;0.057232507;0.019705052
2014;19;Cauca;Popayan;mujer;0.27857336;0.23909611;0.066866323;0.24584807;0.088047914;0.062346857;0.019221345
2014;20;Cesar;Valledupar;hombre;0.31728083;0.2439072;0.066094756;0.23487359;0.075453304;0.046012867;0.016377462
2014;20;Cesar;Valledupar;mujer;0.27981183;0.21894129;0.067501701;0.23668103;0.11737701;0.061493993;0.018193154
2014;23;Cordoba;Monteria;hombre;0.30384469;0.24857251;0.069204412;0.2410354;0.063875146;0.056718692;0.016749144
2014;23;Cordoba;Monteria;mujer;0.27548593;0.23443078;0.063004099;0.24467804;0.1032659;0.064987436;0.014147825
2014;25;Cundinamarca;Cundinamarca;hombre;0.32232141;0.29843751;0.071874999;0.20401786;0.058928572;0.032589287;0.011830357
2014;25;Cundinamarca;Cundinamarca;mujer;0.28354052;0.28611231;0.076082297;0.20681526;0.087441064;0.041363053;0.018645521
2014;27;Choco;Quibdo;hombre;0.36645913;0.21252918;0.068093382;0.22809339;0.039922178;0.061322957;0.023579767
2014;27;Choco;Quibdo;mujer;0.33173108;0.19162981;0.066717938;0.23521118;0.067551114;0.078895085;0.028263796
2014;41;Huila;Neiva;hombre;0.30535901;0.25842381;0.068371281;0.23229422;0.065849386;0.048266198;0.021436077
2014;41;Huila;Neiva;mujer;0.26619279;0.251486;0.077394448;0.23438936;0.094429806;0.050615847;0.025491757
2014;44;La Guajira;Riohacha;hombre;0.36970946;0.23094763;0.061714876;0.19287509;0.075822972;0.050312441;0.018617535
2014;44;La Guajira;Riohacha;mujer;0.32673267;0.21261957;0.062090956;0.18515411;0.11215528;0.079879172;0.021368239
2014;47;Magdalena;Santa Marta;hombre;0.30967817;0.24473257;0.07744848;0.27633712;0.032067608;0.045728177;0.014007872
2014;47;Magdalena;Santa Marta;mujer;0.25898752;0.24588618;0.08882717;0.30096427;0.037993923;0.053034272;0.014306677
2014;50;Meta;Villavicencio;hombre;0.30436006;0.26849508;0.067510545;0.26483825;0.030520394;0.043811534;0.020464135
2014;50;Meta;Villavicencio;mujer;0.27065906;0.25399241;0.071482889;0.30228138;0.034917619;0.045057036;0.021609632
2014;52;Nariño;Pasto;hombre;0.3013297;0.26444095;0.060623392;0.22790964;0.059979983;0.057763796;0.027952531
2014;52;Nariño;Pasto;mujer;0.30206323;0.23503861;0.058337357;0.23371139;0.082709946;0.058397684;0.029741796
2014;54;Norte de Santander;Cucuta;hombre;0.36223519;0.28115982;0.065521851;0.21035963;0.035118587;0.029629108;0.01597579
2014;54;Norte de Santander;Cucuta;mujer;0.3231886;0.26505795;0.074748501;0.22437285;0.054374125;0.041512799;0.016745193
2014;63;Quindio;Armenia;hombre;0.27080193;0.27396744;0.070244193;0.24133253;0.069264397;0.051401868;0.02298764
2014;63;Quindio;Armenia;mujer;0.24962208;0.25704896;0.06927374;0.24981926;0.089451201;0.06125534;0.023529412
2014;66;Risaralda;Pereira;hombre;0.2833114;0.27658328;0.071376331;0.24345472;0.065891474;0.043366972;0.016015796
2014;66;Risaralda;Pereira;mujer;0.2685678;0.27775666;0.075855516;0.23574145;0.078580484;0.047275033;0.016223067
2014;68;Santander;Bucaramanga;hombre;0.27942392;0.26095644;0.058503307;0.26440188;0.070700109;0.045135062;0.020879272
2014;68;Santander;Bucaramanga;mujer;0.26346791;0.24137931;0.062584363;0.26132041;0.092649408;0.055221498;0.023377102
2014;70;Sucre;Sincelejo;hombre;0.33822194;0.25095448;0.067874677;0.21732016;0.052602872;0.053633112;0.019392764
2014;70;Sucre;Sincelejo;mujer;0.29534626;0.23927978;0.070083104;0.22559556;0.091523543;0.06033241;0.017839335
2014;73;Tolima;Ibague;hombre;0.28463808;0.26273689;0.064771667;0.25489283;0.05778192;0.050869834;0.024308791
2014;73;Tolima;Ibague;mujer;0.24822022;0.25405112;0.072682895;0.26523831;0.070174247;0.063326329;0.026306868
2014;76;Valle del Cauca;Cali;hombre;0.2567983;0.25685626;0.073925897;0.29147097;0.05485012;0.045805067;0.020293385
2014;76;Valle del Cauca;Cali;mujer;0.25232127;0.24800852;0.074686691;0.2981379;0.059871126;0.049216095;0.017758384
2015;5;Antioquia;Medellin;hombre;0.25396124;0.25194371;0.066282846;0.25223896;0.09625037;0.052996751;0.02632615
2015;5;Antioquia;Medellin;mujer;0.23053816;0.24263835;0.064731762;0.24213065;0.13255204;0.059654765;0.027754273
2015;8;Atlantico;Barranquilla;hombre;0.25456133;0.22166829;0.07596238;0.30266741;0.065837488;0.063319117;0.015983965
2015;8;Atlantico;Barranquilla;mujer;0.23852125;0.22166999;0.079475529;0.29257786;0.079002179;0.072943293;0.015809903
2015;11;Bogota;Bogota;hombre;0.21402237;0.23414929;0.072045937;0.29096404;0.085343003;0.070776671;0.032698702
2015;11;Bogota;Bogota;mujer;0.20905943;0.22330205;0.074899465;0.2742404;0.10947274;0.074340932;0.034684986
2015;13;Bolivar;Cartagena;hombre;0.26540935;0.23006308;0.070630111;0.25622931;0.10197964;0.05988884;0.015799662
2015;13;Bolivar;Cartagena;mujer;0.2397446;0.23149508;0.073002599;0.2492937;0.11792293;0.074810714;0.013730365
2015;15;Boyaca;Tunja;hombre;0.25919732;0.2409547;0.072590455;0.24597143;0.069626026;0.066813618;0.044846456
2015;15;Boyaca;Tunja;mujer;0.24319193;0.20679498;0.066247709;0.24954176;0.097669549;0.080649383;0.055904686
2015;17;Caldas;Manizales;hombre;0.24868701;0.24506742;0.063307308;0.27125621;0.087721787;0.055784244;0.028176012
2015;17;Caldas;Manizales;mujer;0.22909658;0.24392523;0.061370715;0.25850466;0.1164486;0.063551404;0.027102804
2015;18;Caqueta;Florencia;hombre;0.37227336;0.26886007;0.06645409;0.18167983;0.04877165;0.037973765;0.023987245
2015;18;Caqueta;Florencia;mujer;0.33173722;0.25467664;0.068250015;0.21062376;0.064802401;0.046223585;0.023686394
2015;19;Cauca;Popayan;hombre;0.27752945;0.24447523;0.065982498;0.25278601;0.073852547;0.059812378;0.025561921
2015;19;Cauca;Popayan;mujer;0.27330822;0.23087007;0.063247584;0.25146103;0.09427058;0.06297449;0.023868043
2015;20;Cesar;Valledupar;hombre;0.31316286;0.24523391;0.066367365;0.23534387;0.075801939;0.047107816;0.016982237
2015;20;Cesar;Valledupar;mujer;0.27139685;0.22305109;0.065884627;0.24058995;0.11713456;0.0631513;0.01879164
2015;23;Cordoba;Monteria;hombre;0.28374615;0.24279153;0.06677708;0.25280434;0.07084243;0.06647595;0.016562523
2015;23;Cordoba;Monteria;mujer;0.256827;0.22951898;0.065078631;0.24314009;0.11679937;0.073698759;0.014937159
2015;25;Cundinamarca;Cundinamarca;hombre;0.32506147;0.30605859;0.062374245;0.20657277;0.058350101;0.028169014;0.013413817
2015;25;Cundinamarca;Cundinamarca;mujer;0.30711138;0.27291799;0.076568075;0.20138451;0.08411999;0.042164885;0.015733166
2015;27;Choco;Quibdo;hombre;0.35555202;0.21953547;0.06514477;0.22048998;0.046770602;0.067690104;0.024817053
2015;27;Choco;Quibdo;mujer;0.32252711;0.18717295;0.066177405;0.22967453;0.073516272;0.091767706;0.029164007
2015;41;Huila;Neiva;hombre;0.29275221;0.26240298;0.068458982;0.23337029;0.076704547;0.043652993;0.022657983
2015;41;Huila;Neiva;mujer;0.26422086;0.25316533;0.071706504;0.23179545;0.10419369;0.052621827;0.022296337
2015;44;La Guajira;Riohacha;hombre;0.37103367;0.22840828;0.058010511;0.19589904;0.077087797;0.049704757;0.019855946
2015;44;La Guajira;Riohacha;mujer;0.31985378;0.21504456;0.060829334;0.18991318;0.11166324;0.07779301;0.024902901
2015;47;Magdalena;Santa Marta;hombre;0.29261595;0.24336955;0.075885035;0.29092184;0.029150601;0.050356351;0.017700667
2015;47;Magdalena;Santa Marta;mujer;0.24976417;0.23634839;0.086206898;0.31589979;0.034430355;0.058432031;0.018918352
2015;50;Meta;Villavicencio;hombre;0.29760215;0.27036038;0.06696935;0.26191828;0.038663451;0.045473892;0.019012487
2015;50;Meta;Villavicencio;mujer;0.25722635;0.24966648;0.070643544;0.30175975;0.045740422;0.05317324;0.021790229
2015;52;Nariño;Pasto;hombre;0.2849119;0.25949588;0.058133822;0.23429053;0.066348381;0.060591169;0.036228321
2015;52;Nariño;Pasto;mujer;0.29120508;0.23122591;0.053491645;0.23373523;0.093518578;0.062243711;0.03457984
2015;54;Norte de Santander;Cucuta;hombre;0.33876288;0.27958763;0.068178691;0.22865979;0.035189003;0.036975946;0.012646048
2015;54;Norte de Santander;Cucuta;mujer;0.30320883;0.25864878;0.072323889;0.24949862;0.056279771;0.045437451;0.014602657
2015;63;Quindio;Armenia;hombre;0.27077767;0.27558574;0.073036708;0.2364344;0.073952533;0.050599098;0.019613829
2015;63;Quindio;Armenia;mujer;0.24844597;0.2519508;0.071419127;0.2475863;0.10018516;0.06163206;0.018780585
2015;66;Risaralda;Pereira;hombre;0.27440852;0.27897575;0.073150642;0.2434112;0.071728066;0.041254867;0.017070979
2015;66;Risaralda;Pereira;mujer;0.26428059;0.27213243;0.071975395;0.24491265;0.084145784;0.04776549;0.014787673
2015;68;Santander;Bucaramanga;hombre;0.26715049;0.25284129;0.066000275;0.26961523;0.074695334;0.047583185;0.022114201
2015;68;Santander;Bucaramanga;mujer;0.25548607;0.23820032;0.061910015;0.26750031;0.094642639;0.0581096;0.024151037
2015;70;Sucre;Sincelejo;hombre;0.33130571;0.25024089;0.066610456;0.22500603;0.059563961;0.049084559;0.018188389
2015;70;Sucre;Sincelejo;mujer;0.29142478;0.23967491;0.071708962;0.22176148;0.099353127;0.057610437;0.018466301
2015;73;Tolima;Ibague;hombre;0.27372807;0.2661005;0.069513246;0.24856491;0.068019189;0.054336715;0.019737359
2015;73;Tolima;Ibague;mujer;0.24878417;0.25494897;0.069388315;0.25296253;0.08370436;0.064661965;0.025549695
2015;76;Valle del Cauca;Cali;hombre;0.25903964;0.24311127;0.073712356;0.2942681;0.063364722;0.047320079;0.019183816
2015;76;Valle del Cauca;Cali;mujer;0.25266147;0.23593228;0.074774407;0.29924971;0.066460513;0.052823685;0.018097943
2016;5;Antioquia;Medellin;hombre;0.24788828;0.25726283;0.06440115;0.25223377;0.098139741;0.052927103;0.027147112
2016;5;Antioquia;Medellin;mujer;0.22000761;0.24180102;0.064872414;0.24323981;0.14544454;0.057551522;0.027083069
2016;8;Atlantico;Barranquilla;hombre;0.24269961;0.21436594;0.076373287;0.31095567;0.075862773;0.065550335;0.014192362
2016;8;Atlantico;Barranquilla;mujer;0.22771294;0.21746114;0.077668071;0.29791656;0.085227005;0.078990884;0.015023385
2016;11;Bogota;Bogota;hombre;0.19937256;0.21966836;0.071771562;0.31551316;0.07830207;0.075356938;0.040015366
2016;11;Bogota;Bogota;mujer;0.18760979;0.21606745;0.072608031;0.30091345;0.096029982;0.087890856;0.03888043
2016;13;Bolivar;Cartagena;hombre;0.26079589;0.22985187;0.066595532;0.26054481;0.10488325;0.063394427;0.01393422
2016;13;Bolivar;Cartagena;mujer;0.22998218;0.23193654;0.068517558;0.26073462;0.12145773;0.073690869;0.01368052
2016;15;Boyaca;Tunja;hombre;0.24859062;0.23777898;0.069271758;0.25608155;0.062784769;0.070275694;0.055216618
2016;15;Boyaca;Tunja;mujer;0.23471019;0.20286475;0.062758163;0.25036642;0.096668884;0.080146566;0.072485007
2016;17;Caldas;Manizales;hombre;0.24310194;0.25261399;0.061428986;0.27207378;0.080525704;0.061065931;0.029189659
2016;17;Caldas;Manizales;mujer;0.22018519;0.24193649;0.064880989;0.2638742;0.11472251;0.065129578;0.029271021
2016;18;Caqueta;Florencia;hombre;0.37125793;0.25703055;0.064484425;0.19103417;0.048760206;0.042032052;0.025400665
2016;18;Caqueta;Florencia;mujer;0.3218542;0.25646934;0.06847962;0.20886284;0.068282083;0.048725884;0.027326003
2016;19;Cauca;Popayan;hombre;0.27233702;0.23646286;0.063101739;0.25547311;0.083399765;0.06543202;0.023793463
2016;19;Cauca;Popayan;mujer;0.26090893;0.22531834;0.06350898;0.24668336;0.1103948;0.069369704;0.023815867
2016;20;Cesar;Valledupar;hombre;0.30558538;0.22798067;0.069817401;0.25678036;0.066662192;0.057666488;0.015507519
2016;20;Cesar;Valledupar;mujer;0.26089302;0.21258615;0.070122868;0.26005393;0.10902008;0.071741082;0.015582859
2016;23;Cordoba;Monteria;hombre;0.28319371;0.23174438;0.070057087;0.26844096;0.060493737;0.066795163;0.019274965
2016;23;Cordoba;Monteria;mujer;0.2596224;0.2239152;0.073600531;0.25432262;0.10268301;0.069161974;0.01669427
2016;25;Cundinamarca;Cundinamarca;hombre;0.31122217;0.28396183;0.070649706;0.22671513;0.059518401;0.035892777;0.012039982
2016;25;Cundinamarca;Cundinamarca;mujer;0.27216858;0.27172959;0.070017561;0.23661107;0.084942929;0.047190517;0.017339772
2016;27;Choco;Quibdo;hombre;0.36013719;0.21928354;0.059146341;0.22477134;0.039405487;0.072484754;0.024771342
2016;27;Choco;Quibdo;mujer;0.32602477;0.18582778;0.063552588;0.23063235;0.06596759;0.10060375;0.027391165
2016;41;Huila;Neiva;hombre;0.29192463;0.25650021;0.06520842;0.22375843;0.08529371;0.052895859;0.024418764
2016;41;Huila;Neiva;mujer;0.26217252;0.24338853;0.069265939;0.2289298;0.11177707;0.05882353;0.025642609
2016;44;La Guajira;Riohacha;hombre;0.34061989;0.23699836;0.063947797;0.2055465;0.078890704;0.050831974;0.023164764
2016;44;La Guajira;Riohacha;mujer;0.30370578;0.2098821;0.061426166;0.19208311;0.12066255;0.085850649;0.02638967
2016;47;Magdalena;Santa Marta;hombre;0.28714883;0.24048062;0.072730437;0.28755513;0.041908521;0.05583933;0.014337125
2016;47;Magdalena;Santa Marta;mujer;0.24721405;0.23044576;0.079793945;0.30824223;0.053248528;0.064602606;0.016452901
2016;50;Meta;Villavicencio;hombre;0.29672712;0.2572791;0.066830434;0.28415576;0.030416878;0.047612168;0.016978541
2016;50;Meta;Villavicencio;mujer;0.25791797;0.24231251;0.068545468;0.32152498;0.034305654;0.056890763;0.018502668
2016;52;Nariño;Pasto;hombre;0.27367714;0.25248152;0.061795656;0.25479513;0.055675797;0.067393087;0.034181654
2016;52;Nariño;Pasto;mujer;0.26874802;0.22784325;0.055877667;0.26294997;0.079006054;0.06849315;0.037081875
2016;54;Norte de Santander;Cucuta;hombre;0.33195946;0.28162163;0.065270267;0.2325;0.036148649;0.038310811;0.014189189
2016;54;Norte de Santander;Cucuta;mujer;0.29723531;0.26053807;0.072216712;0.2516737;0.053186215;0.048227128;0.016922886
2016;63;Quindio;Armenia;hombre;0.25568488;0.26555154;0.07608109;0.24959531;0.082247749;0.051106144;0.019733293
2016;63;Quindio;Armenia;mujer;0.23415516;0.24929653;0.06994506;0.25807315;0.10699451;0.062977351;0.018558221
2016;66;Risaralda;Pereira;hombre;0.26250285;0.27281058;0.070016034;0.26074675;0.069099791;0.047720853;0.017103154
2016;66;Risaralda;Pereira;mujer;0.25599259;0.26936829;0.070255592;0.25307906;0.079459675;0.054297443;0.017547345
2016;68;Santander;Bucaramanga;hombre;0.25851372;0.25658348;0.063422032;0.27498966;0.073004276;0.051289123;0.022197712
2016;68;Santander;Bucaramanga;mujer;0.24964185;0.23307382;0.061164748;0.27119279;0.094799131;0.063095607;0.027032077
2016;70;Sucre;Sincelejo;hombre;0.32601228;0.24153374;0.072515339;0.22993866;0.057484664;0.052453987;0.020061349
2016;70;Sucre;Sincelejo;mujer;0.28373173;0.22895661;0.072618105;0.23428118;0.097428344;0.062988557;0.019995468
2016;73;Tolima;Ibague;hombre;0.2685934;0.25274196;0.073332801;0.26226884;0.066848129;0.051877353;0.024337523
2016;73;Tolima;Ibague;mujer;0.23981333;0.24845023;0.068955913;0.26830119;0.081771955;0.064567804;0.028139584
2016;76;Valle del Cauca;Cali;hombre;0.25213248;0.24801458;0.074416146;0.30631214;0.056709219;0.041120067;0.021295371
2016;76;Valle del Cauca;Cali;mujer;0.24268188;0.24385278;0.074275821;0.31196865;0.054370515;0.052181438;0.020668941
2017;5;Antioquia;Medellin;hombre;0.24010344;0.24815993;0.065844439;0.25621644;0.10662423;0.056544658;0.026506864
2017;5;Antioquia;Medellin;mujer;0.2172513;0.23515521;0.063715599;0.24627538;0.14752479;0.060753081;0.029324632
2017;8;Atlantico;Barranquilla;hombre;0.23570411;0.21087709;0.075040698;0.31857955;0.073005699;0.069647945;0.017144892
2017;8;Atlantico;Barranquilla;mujer;0.21948823;0.21799129;0.076951861;0.30808812;0.081723347;0.078963369;0.01679375
2017;11;Bogota;Bogota;hombre;0.19481753;0.21937323;0.065391399;0.32519332;0.074684575;0.079025909;0.041514043
2017;11;Bogota;Bogota;mujer;0.18801208;0.20914187;0.068132818;0.31608453;0.089016199;0.087168112;0.042444404
2017;13;Bolivar;Cartagena;hombre;0.26627824;0.22963719;0.071840458;0.26201347;0.094245553;0.06168909;0.014296011
2017;13;Bolivar;Cartagena;mujer;0.23218618;0.23185529;0.073350981;0.26152658;0.11068828;0.077652767;0.012739907
2017;15;Boyaca;Tunja;hombre;0.2387398;0.2453099;0.06332621;0.24863453;0.072350197;0.073220931;0.058418427
2017;15;Boyaca;Tunja;mujer;0.22222993;0.20190106;0.060917228;0.25310484;0.10400333;0.088461809;0.069381811
2017;17;Caldas;Manizales;hombre;0.24629101;0.25047016;0.062478233;0.26293793;0.091105387;0.058647349;0.02806993
2017;17;Caldas;Manizales;mujer;0.21909773;0.24238026;0.06386067;0.26015964;0.11532414;0.066944845;0.032232706
2017;18;Caqueta;Florencia;hombre;0.36340186;0.26733369;0.062299695;0.19385602;0.051199876;0.039474715;0.022434143
2017;18;Caqueta;Florencia;mujer;0.32039964;0.25970027;0.065489635;0.2104975;0.073975228;0.04749196;0.022445768
2017;19;Cauca;Popayan;hombre;0.2591171;0.23942789;0.063463561;0.26177946;0.078756735;0.067178503;0.030276762
2017;19;Cauca;Popayan;mujer;0.25575998;0.21734203;0.061242107;0.25964496;0.1051098;0.070954517;0.029946582
